solid STL generated by MeshLab
  facet normal  0.000000e+00 -0.000000e+00 -1.000000e+00
    outer loop
      vertex   1.644347e+00  1.644347e+00 -1.644347e+00
      vertex   1.644347e+00 -1.644347e+00 -1.644347e+00
      vertex  -1.644347e+00 -1.644346e+00 -1.644347e+00
    endloop
  endfacet
  facet normal  0.000000e+00  0.000000e+00 -1.000000e+00
    outer loop
      vertex  -1.644347e+00 -1.644346e+00 -1.644347e+00
      vertex  -1.644346e+00  1.644347e+00 -1.644347e+00
      vertex   1.644347e+00  1.644347e+00 -1.644347e+00
    endloop
  endfacet
  facet normal  0.000000e+00  0.000000e+00  1.000000e+00
    outer loop
      vertex   1.644348e+00  1.644346e+00  1.644347e+00
      vertex  -1.644347e+00  1.644347e+00  1.644347e+00
      vertex  -1.644347e+00 -1.644346e+00  1.644347e+00
    endloop
  endfacet
  facet normal -0.000000e+00  0.000000e+00  1.000000e+00
    outer loop
      vertex  -1.644347e+00 -1.644346e+00  1.644347e+00
      vertex   1.644346e+00 -1.644348e+00  1.644347e+00
      vertex   1.644348e+00  1.644346e+00  1.644347e+00
    endloop
  endfacet
  facet normal  1.000000e+00 -5.799715e-07 -2.537377e-07
    outer loop
      vertex   1.644347e+00  1.644347e+00 -1.644347e+00
      vertex   1.644348e+00  1.644346e+00  1.644347e+00
      vertex   1.644346e+00 -1.644348e+00  1.644347e+00
    endloop
  endfacet
  facet normal  1.000000e+00  0.000000e+00  3.262340e-07
    outer loop
      vertex   1.644346e+00 -1.644348e+00  1.644347e+00
      vertex   1.644347e+00 -1.644347e+00 -1.644347e+00
      vertex   1.644347e+00  1.644347e+00 -1.644347e+00
    endloop
  endfacet
  facet normal -4.712270e-07 -1.000000e+00 -2.899859e-07
    outer loop
      vertex   1.644347e+00 -1.644347e+00 -1.644347e+00
      vertex   1.644346e+00 -1.644348e+00  1.644347e+00
      vertex  -1.644347e+00 -1.644346e+00  1.644347e+00
    endloop
  endfacet
  facet normal -7.249643e-08 -1.000000e+00  1.087447e-07
    outer loop
      vertex  -1.644347e+00 -1.644346e+00  1.644347e+00
      vertex  -1.644347e+00 -1.644346e+00 -1.644347e+00
      vertex   1.644347e+00 -1.644347e+00 -1.644347e+00
    endloop
  endfacet
  facet normal -1.000000e+00  2.174894e-07 -1.087447e-07
    outer loop
      vertex  -1.644347e+00 -1.644346e+00 -1.644347e+00
      vertex  -1.644347e+00 -1.644346e+00  1.644347e+00
      vertex  -1.644347e+00  1.644347e+00  1.644347e+00
    endloop
  endfacet
  facet normal -1.000000e+00  2.537375e-07 -1.449928e-07
    outer loop
      vertex  -1.644347e+00  1.644347e+00  1.644347e+00
      vertex  -1.644346e+00  1.644347e+00 -1.644347e+00
      vertex  -1.644347e+00 -1.644346e+00 -1.644347e+00
    endloop
  endfacet
  facet normal  2.174894e-07  1.000000e+00  2.174893e-07
    outer loop
      vertex   1.644348e+00  1.644346e+00  1.644347e+00
      vertex   1.644347e+00  1.644347e+00 -1.644347e+00
      vertex  -1.644346e+00  1.644347e+00 -1.644347e+00
    endloop
  endfacet
  facet normal  2.537375e-07  1.000000e+00  1.812411e-07
    outer loop
      vertex  -1.644346e+00  1.644347e+00 -1.644347e+00
      vertex  -1.644347e+00  1.644347e+00  1.644347e+00
      vertex   1.644348e+00  1.644346e+00  1.644347e+00
    endloop
  endfacet
endsolid vcg
